100 0.05086350440979004 0.04987049102783203
200 0.09976363182067871 0.0947422981262207
300 0.14461398124694824 0.1406233310699463
400 0.19248414039611816 0.1874983310699463
500 0.2453746795654297 0.23733735084533691
600 0.30518555641174316 0.28520798683166504
700 0.3450777530670166 0.33610081672668457
800 0.3969266414642334 0.3889918327331543
900 0.4537622928619385 0.4418153762817383
1000 0.5016577243804932 0.48868870735168457
1100 0.563561201095581 0.5465443134307861
1200 0.6263341903686523 0.6113650798797607
1300 0.683171272277832 0.6722049713134766
1400 0.7369952201843262 0.7270212173461914
1500 0.7938754558563232 0.7749297618865967
1600 0.8736631870269775 0.8367621898651123
1700 0.9095983505249023 0.8977088928222656
1800 0.9803466796875 0.9624264240264893
1900 1.0422122478485107 1.0112953186035156
2000 1.0960681438446045 1.0761208534240723
2100 1.1579182147979736 1.145935297012329
2200 1.214735984802246 1.2028110027313232
2300 1.292574405670166 1.268601894378662
2400 1.3633503913879395 1.348402976989746
2500 1.4062392711639404 1.3912699222564697
2600 1.4940059185028076 1.4740335941314697
2700 1.5588290691375732 1.5359201431274414
2800 1.6276459693908691 1.5957043170928955
2900 1.6904809474945068 1.6695373058319092
3000 1.7562999725341797 1.712416410446167
3100 1.8032050132751465 1.7263836860656738
3200 1.8650116920471191 1.7941710948944092
3300 1.93882155418396 1.8650352954864502
3400 2.0395090579986572 1.9298145771026611
3500 2.082453489303589 2.0006489753723145
3600 2.1432435512542725 2.068467617034912
3700 2.2240748405456543 2.1362857818603516
3800 2.3008222579956055 2.212082862854004
3900 2.34373140335083 2.280900001525879
4000 2.3995814323425293 2.3646750450134277
4100 2.4843544960021973 2.44146990776062
4200 2.55020809173584 2.5232510566711426
4300 2.652900218963623 2.5940616130828857
4400 2.7027463912963867 2.662977695465088
4500 2.795522451400757 2.7476513385772705
4600 2.878300905227661 2.83345627784729
4700 2.95908522605896 2.9151716232299805
4800 3.04585337638855 2.9999756813049316
4900 3.123668670654297 3.1126999855041504
5000 3.2163734436035156 3.1735105514526367
5100 3.3051846027374268 3.261281728744507
5200 3.363978385925293 3.347040891647339
5300 3.4478023052215576 3.4308223724365234
5400 3.5544934272766113 3.5006370544433594
5500 3.63724684715271 3.5764429569244385
5600 3.7041168212890625 3.6981000900268555
5700 3.7529714107513428 3.7399725914001465
5800 3.827732801437378 3.822775363922119
5900 3.9115378856658936 3.9264976978302
6000 4.296574592590332 4.033217668533325
6250 4.486968755722046 4.261601686477661
6500 4.603715896606445 4.46904730796814
6750 4.855014801025391 4.717382192611694
7000 5.137230396270752 4.968711614608765
7250 5.313787221908569 5.227017879486084
7500 5.563120603561401 5.438425302505493
7750 5.778567314147949 5.723690748214722
8000 6.404867887496948 5.990005731582642
8500 6.789916276931763 6.452713966369629
9000 7.268714904785156 7.011270761489868
9500 8.209043502807617 7.777228355407715
10000 8.80248212814331 8.394520998001099
11000 10.12497329711914 9.562426805496216
12000 11.337708950042725 10.645527362823486
14000 14.577493667602539 13.546794891357422
17000 20.889296054840088 19.84096884727478
18000 23.16404366493225 21.762763261795044
19000 25.784131288528442 24.41968822479248
20000 27.878498792648315 26.838284492492676
